000000000000000
000000000000000
000000001000000
000001000010000
000010000001000
000100000000100
001000000000100
001000000000010
010000000000010
010000000000010
010000000000010
001000000000100
001000000001000
000110000011000
000011111100000
000000000000000



000000000000000
000001111100000
000001000100000
000001110100000
000001000100000
000001110100000
000001000100000
000001110100000
000001000100000
000001000100000
000011111110000
000111111111000
001111111111100
000111111111000
000001111100000
000000000000000




000000000000000
000000111100000
000111111100000
001111111100000
000111111100000
000000111000000
000001000100000
000001000100000
000001000100000
000001000100000
000001000100000
111110000011111
100000000000001
100100100100001
111111111111111
000000000000000




000000000000000
000001111100000
000001111100000
000001111100000
000001111100000
000001111100000
000001111100000
000001111100000
000001111100000
000111111111000
000010000010000
000001101100000
000000010000000
001111000111100
000000111000000
000000000000000




000000000000000
000000000000000
001111111111100
001111110000100
001111110000100
001111110000100
001111110000100
001111110000100
001111110000100
001111110000100
001111110000100
001111110000100
001111110000100
001111111111100
000000000000000
000000000000000




000000000000000
000000000000000
100000010000001
001000010000100
000010111010000
000110000011000
001100000001100
001100000001100
000011000110000
000010111010000
001000010000100
100000010000001
000000010000000
000000000000000
000000000000000
000000000000000




000000000000000
000000000000000
000010000000000
001110000000000
011111000000000
001110000010000
000000001110000
000000011111000
000000001110000
000001000000000
000111000000000
001111100001000
000111000111000
000000001111100
000000000111000
000000000000000
